https://www.xiaohongshu.com/explore/62ad26de000000002103e511
https://www.xiaohongshu.com/explore/635c95390000000014035334
https://www.xiaohongshu.com/explore/623dc1340000000021037ae0
https://www.xiaohongshu.com/explore/62ea8beb000000001603baf7
https://www.xiaohongshu.com/explore/63dd054c000000001d011190
https://www.xiaohongshu.com/explore/656541d5000000003802a06d
https://www.xiaohongshu.com/explore/64e5bc410000000010033376
https://www.xiaohongshu.com/explore/63be4c62000000001b014a0e
https://www.xiaohongshu.com/explore/64ca3fa10000000012018784
https://www.xiaohongshu.com/explore/646b96340000000013011084
https://www.xiaohongshu.com/explore/6348d5ee000000000602df22
https://www.xiaohongshu.com/explore/63f571b200000000140249fe
https://www.xiaohongshu.com/explore/6298494c000000000102e2b2
https://www.xiaohongshu.com/explore/63363c52000000001d00e20a
https://www.xiaohongshu.com/explore/6546f5e5000000001e02834e
https://www.xiaohongshu.com/explore/62406e050000000001028100
https://www.xiaohongshu.com/explore/62c8217b000000000d0181b8
https://www.xiaohongshu.com/explore/63896e23000000001801052e
https://www.xiaohongshu.com/explore/62886a7800000000010292aa
https://www.xiaohongshu.com/explore/62503183000000000102969d
https://www.xiaohongshu.com/explore/64afce8f0000000016024e9a
https://www.xiaohongshu.com/explore/627cae240000000001027a35
https://www.xiaohongshu.com/explore/624d8ba6000000002103c16e
https://www.xiaohongshu.com/explore/626371e0000000000102a571
https://www.xiaohongshu.com/explore/64e09a0a000000001701a39f
https://www.xiaohongshu.com/explore/6246f5c3000000002103aeeb
https://www.xiaohongshu.com/explore/6245ab5f000000002103f9a3
https://www.xiaohongshu.com/explore/63a7cbb9000000001b01788c
https://www.xiaohongshu.com/explore/62528ea8000000000102b0d3
https://www.xiaohongshu.com/explore/6239c5ac0000000001026f85
https://www.xiaohongshu.com/explore/62a458c9000000002103f4d8
https://www.xiaohongshu.com/explore/636a740d0000000008011bd6
https://www.xiaohongshu.com/explore/624ab0fb0000000001029854
https://www.xiaohongshu.com/explore/64eef44b000000001f004e8d
https://www.xiaohongshu.com/explore/645461c4000000001300956c
https://www.xiaohongshu.com/explore/624329e4000000002103fe3b
https://www.xiaohongshu.com/explore/6241b39200000000210398c1
https://www.xiaohongshu.com/explore/6384a41f000000001b017ece
https://www.xiaohongshu.com/explore/6259481c000000000102563a
https://www.xiaohongshu.com/explore/63e708f80000000013005c50
https://www.xiaohongshu.com/explore/6395af5f000000001b0172b7
https://www.xiaohongshu.com/explore/64477ff4000000001303e623
https://www.xiaohongshu.com/explore/632b1a3e000000000801eba4
https://www.xiaohongshu.com/explore/6438e2860000000011013952
https://www.xiaohongshu.com/explore/62712ea3000000000102ea7b
https://www.xiaohongshu.com/explore/63df977e000000001d01fe40
https://www.xiaohongshu.com/explore/650dc904000000001d017d0f
https://www.xiaohongshu.com/explore/627b61c5000000000102a43a
https://www.xiaohongshu.com/explore/62513fbf000000000102bb5f
