https://www.xiaohongshu.com/explore/61b71ac700000000210376c7
https://www.xiaohongshu.com/explore/624c1f4c00000000010290a7
https://www.xiaohongshu.com/explore/6447ab730000000013010250
https://www.xiaohongshu.com/explore/6336a4ad000000001c00c2a3
https://www.xiaohongshu.com/explore/62063823000000000102bbc8
https://www.xiaohongshu.com/explore/62eb99a00000000016036f56
https://www.xiaohongshu.com/explore/61b86f75000000000102bbfc
https://www.xiaohongshu.com/explore/626672e7000000000102a133
https://www.xiaohongshu.com/explore/631d7a28000000000801823d
https://www.xiaohongshu.com/explore/6245858d000000002103c2c6
https://www.xiaohongshu.com/explore/62038f270000000001026ad5
https://www.xiaohongshu.com/explore/630df5e40000000011037a2f
https://www.xiaohongshu.com/explore/62e25f3e000000001c008662
https://www.xiaohongshu.com/explore/63414cb2000000001c012df2
https://www.xiaohongshu.com/explore/61e3ebe000000000010284b3
https://www.xiaohongshu.com/explore/62f78b8c0000000014034edf
https://www.xiaohongshu.com/explore/642d09db0000000013036776
https://www.xiaohongshu.com/explore/6343f6da000000001d01a48a
https://www.xiaohongshu.com/explore/6331796e0000000017035d74
https://www.xiaohongshu.com/explore/621f4031000000002103f289
https://www.xiaohongshu.com/explore/62515a3c000000000102cd59
https://www.xiaohongshu.com/explore/649d57610000000014026f7b
https://www.xiaohongshu.com/explore/643fc8d30000000013013b8d
https://www.xiaohongshu.com/explore/63341c62000000001701ee4f
https://www.xiaohongshu.com/explore/62d13d0900000000210391a8
https://www.xiaohongshu.com/explore/633bc94d000000001d0169f7
https://www.xiaohongshu.com/explore/63f83d18000000001300b91e
https://www.xiaohongshu.com/explore/627a445b000000002103bf95
https://www.xiaohongshu.com/explore/63380297000000001d018073
https://www.xiaohongshu.com/explore/6272865d0000000001024e72
https://www.xiaohongshu.com/explore/634bdd71000000000603f7a3
https://www.xiaohongshu.com/explore/625d3aa2000000002103a4cd
https://www.xiaohongshu.com/explore/62612de4000000000102d11a
https://www.xiaohongshu.com/explore/625556eb0000000021034975
https://www.xiaohongshu.com/explore/630b0de6000000001b018873
https://www.xiaohongshu.com/explore/634bde4e000000000602f33f
https://www.xiaohongshu.com/explore/62d6829700000000210397a2
https://www.xiaohongshu.com/explore/6255576f00000000210385e2
https://www.xiaohongshu.com/explore/622b1e270000000021035ac9
https://www.xiaohongshu.com/explore/62dd1e9b000000001b01ac40
https://www.xiaohongshu.com/explore/63283d5600000000110168ee
https://www.xiaohongshu.com/explore/62594bf7000000000102e6f3
https://www.xiaohongshu.com/explore/61b9bc64000000002103bc54
https://www.xiaohongshu.com/explore/6246d6b4000000002103ed16
https://www.xiaohongshu.com/explore/63341d1300000000170389a0
https://www.xiaohongshu.com/explore/62442a57000000002103a1f6
https://www.xiaohongshu.com/explore/624acc20000000000102fc8a
https://www.xiaohongshu.com/explore/623eef340000000001028ebb
https://www.xiaohongshu.com/explore/6241941000000000210340e4
https://www.xiaohongshu.com/explore/621a00b9000000000102f35d
https://www.xiaohongshu.com/explore/623c4f60000000002103a948
https://www.xiaohongshu.com/explore/62515b120000000021036777
https://www.xiaohongshu.com/explore/625d3af7000000002103a7f2
https://www.xiaohongshu.com/explore/62c7f3e60000000001028060
https://www.xiaohongshu.com/explore/625be9ce000000000102c4f6
https://www.xiaohongshu.com/explore/623eefa500000000010293a1
https://www.xiaohongshu.com/explore/63414c40000000001d00d54e
https://www.xiaohongshu.com/explore/62dd1e49000000001c0237cc
https://www.xiaohongshu.com/explore/627ce9c000000000010247b5
https://www.xiaohongshu.com/explore/627ceb700000000001028e8c
https://www.xiaohongshu.com/explore/61cc2ff90000000001026e86
https://www.xiaohongshu.com/explore/627286f4000000000102db8b
https://www.xiaohongshu.com/explore/632c4073000000000801e338
https://www.xiaohongshu.com/explore/62de69ef000000001b018acb
https://www.xiaohongshu.com/explore/61bf05f70000000001027082
https://www.xiaohongshu.com/explore/6307478d000000001b021890
https://www.xiaohongshu.com/explore/6256bc2c000000000c031b7c
https://www.xiaohongshu.com/explore/627a44e40000000001025af9
https://www.xiaohongshu.com/explore/62627ec6000000000102e2b1
https://www.xiaohongshu.com/explore/63187b2d000000001203a34e
https://www.xiaohongshu.com/explore/61ee79c4000000002103fb6c
https://www.xiaohongshu.com/explore/62eb98f4000000001b02080b
https://www.xiaohongshu.com/explore/62458479000000000102f2df
https://www.xiaohongshu.com/explore/62515aab000000000c033501
https://www.xiaohongshu.com/explore/62f8cd850000000015008c93
https://www.xiaohongshu.com/explore/62d7d86c000000000102c7c8
https://www.xiaohongshu.com/explore/63356b3d000000001c00fad5
https://www.xiaohongshu.com/explore/62f78af0000000001200b616
https://www.xiaohongshu.com/explore/62e7a4f3000000001202de30
https://www.xiaohongshu.com/explore/61ebd568000000002103ce33
https://www.xiaohongshu.com/explore/62f8cd100000000008011112
https://www.xiaohongshu.com/explore/6343f6a3000000001c012c93
https://www.xiaohongshu.com/explore/62612d7d000000002103d429
https://www.xiaohongshu.com/explore/62f3874a00000000090047d4
https://www.xiaohongshu.com/explore/6229cb7700000000210378ff
https://www.xiaohongshu.com/explore/62fe1a47000000001e008454
https://www.xiaohongshu.com/explore/625aa48d000000002103e5b7
https://www.xiaohongshu.com/explore/625ff0130000000001025a68
https://www.xiaohongshu.com/explore/6331792a000000001703dfe7
https://www.xiaohongshu.com/explore/6239a1590000000001027104
https://www.xiaohongshu.com/explore/61e93270000000000102c4d2
https://www.xiaohongshu.com/explore/622879a5000000000102b4ef
https://www.xiaohongshu.com/explore/62ce96ad0000000021037785
https://www.xiaohongshu.com/explore/631c89f3000000000900f508
https://www.xiaohongshu.com/explore/624ebe0f000000002103517d
https://www.xiaohongshu.com/explore/623062ca0000000001025e64
https://www.xiaohongshu.com/explore/648d93510000000027011ec7
https://www.xiaohongshu.com/explore/625fef430000000001029ac0
https://www.xiaohongshu.com/explore/631d79e90000000008028e63
https://www.xiaohongshu.com/explore/626673520000000001024877
https://www.xiaohongshu.com/explore/6246d62e0000000001027c94
https://www.xiaohongshu.com/explore/64392382000000000800e641
https://www.xiaohongshu.com/explore/6277a8bb000000002103cad1
https://www.xiaohongshu.com/explore/63356b06000000001c00f98b
https://www.xiaohongshu.com/explore/6221e3590000000021039ff2
https://www.xiaohongshu.com/explore/61bc5fef000000002103934e
https://www.xiaohongshu.com/explore/62f386dc000000000900f989
https://www.xiaohongshu.com/explore/6236ffc7000000000102c9f0
https://www.xiaohongshu.com/explore/62e6583c000000002402afdb
https://www.xiaohongshu.com/explore/62ce96f9000000000102cfcd
https://www.xiaohongshu.com/explore/62627e64000000000102e026
https://www.xiaohongshu.com/explore/62e658e8000000001202a1d3
https://www.xiaohongshu.com/explore/6267d61b000000002103e2c7
https://www.xiaohongshu.com/explore/625aa43e00000000010285f2
https://www.xiaohongshu.com/explore/631c8a2c0000000012038bd0
https://www.xiaohongshu.com/explore/631c8a8000000000120177b0
https://www.xiaohongshu.com/explore/62d7d7f10000000011013514
https://www.xiaohongshu.com/explore/625aa4d600000000010273c0
https://www.xiaohongshu.com/explore/62d13e8c0000000012004c04
https://www.xiaohongshu.com/explore/624acb970000000021034be7
https://www.xiaohongshu.com/explore/6256bb670000000021034603
https://www.xiaohongshu.com/explore/633bc920000000000b010c97
https://www.xiaohongshu.com/explore/642990be000000001301538c
https://www.xiaohongshu.com/explore/62fb6e1c000000000f01bbb4
https://www.xiaohongshu.com/explore/642fe82000000000130126cf
https://www.xiaohongshu.com/explore/63187b5f000000001103a25b
https://www.xiaohongshu.com/explore/62d7d777000000000102c516
https://www.xiaohongshu.com/explore/61d17786000000000102658c
https://www.xiaohongshu.com/explore/6491bae20000000027003b46
https://www.xiaohongshu.com/explore/61fe4a73000000000102e627
https://www.xiaohongshu.com/explore/61d962200000000021034f1e
https://www.xiaohongshu.com/explore/6208d7c40000000021039443
https://www.xiaohongshu.com/explore/63283d8f000000001801be93
https://www.xiaohongshu.com/explore/632c41550000000008019edd
https://www.xiaohongshu.com/explore/626d19ff00000000210390b5
https://www.xiaohongshu.com/explore/62ce9764000000000102af32
https://www.xiaohongshu.com/explore/61c6ee36000000002103ab05
https://www.xiaohongshu.com/explore/62fb6f030000000012009480
https://www.xiaohongshu.com/explore/62f8cddd000000001101a909
https://www.xiaohongshu.com/explore/61bb0cf40000000021037de2
https://www.xiaohongshu.com/explore/62e25fdc000000001c016686
https://www.xiaohongshu.com/explore/62e7a549000000000e02b058
https://www.xiaohongshu.com/explore/630351c0000000001e00a871
https://www.xiaohongshu.com/explore/6266732400000000210385ea
https://www.xiaohongshu.com/explore/63f83f6d000000001203d1b5
https://www.xiaohongshu.com/explore/622f122f0000000001026730
https://www.xiaohongshu.com/explore/62248746000000002103cbbe
https://www.xiaohongshu.com/explore/6267d6910000000001028673
https://www.xiaohongshu.com/explore/62de6ad3000000001c0218b4
https://www.xiaohongshu.com/explore/62345dea000000002103c9ce
https://www.xiaohongshu.com/explore/625d3a2a00000000210361d0
https://www.xiaohongshu.com/explore/645100e900000000130068b2
https://www.xiaohongshu.com/explore/6235be93000000002103d4c2
https://www.xiaohongshu.com/explore/62eb99400000000016036cbd
https://www.xiaohongshu.com/explore/6267d657000000002103e5af
https://www.xiaohongshu.com/explore/645793c90000000011012f6d
https://www.xiaohongshu.com/explore/622dc19b000000002103dd0a
https://www.xiaohongshu.com/explore/625bea2a0000000021035cb6
https://www.xiaohongshu.com/explore/632c40ee0000000008008209
https://www.xiaohongshu.com/explore/62dd1dcb000000001b01a872
https://www.xiaohongshu.com/explore/6256bbc0000000000102eaf0
https://www.xiaohongshu.com/explore/62de6a60000000001e015d7c
https://www.xiaohongshu.com/explore/623eeea10000000021037b94
https://www.xiaohongshu.com/explore/631d7a950000000009030aba
https://www.xiaohongshu.com/explore/61c44a83000000000102f48b
https://www.xiaohongshu.com/explore/6214b3ca000000002103baef
https://www.xiaohongshu.com/explore/6246d737000000002103b7d1
https://www.xiaohongshu.com/explore/61f3be6b000000000102840f
https://www.xiaohongshu.com/explore/627ce94600000000210345cc
https://www.xiaohongshu.com/explore/63283d20000000000801c10a
https://www.xiaohongshu.com/explore/62f387ad0000000009004a63
https://www.xiaohongshu.com/explore/643bd333000000001300abc9
https://www.xiaohongshu.com/explore/63356ad0000000001d01206e
https://www.xiaohongshu.com/explore/632999ac0000000009032a0b
https://www.xiaohongshu.com/explore/6338021e000000001d017158
https://www.xiaohongshu.com/explore/63187ada00000000110139c4
https://www.xiaohongshu.com/explore/624192fc0000000021038826
https://www.xiaohongshu.com/explore/62f4d6c6000000001200e36b
https://www.xiaohongshu.com/explore/62e65943000000002402b67b
https://www.xiaohongshu.com/explore/626d192d0000000021038bf3
https://www.xiaohongshu.com/explore/62612db400000000210344e0
https://www.xiaohongshu.com/explore/624acc9f000000002103e23a
https://www.xiaohongshu.com/explore/6200ec920000000001029f8f
https://www.xiaohongshu.com/explore/63469ae900000000060297c4
https://www.xiaohongshu.com/explore/63380266000000001d01bf6a
https://www.xiaohongshu.com/explore/6322f264000000001801631b
https://www.xiaohongshu.com/explore/6277a91a000000000102deac
https://www.xiaohongshu.com/explore/62f4d668000000000900c939
https://www.xiaohongshu.com/explore/625fefa700000000210355d5
https://www.xiaohongshu.com/explore/64b257c0000000001a01204e
https://www.xiaohongshu.com/explore/6322f27d000000001801644f
https://www.xiaohongshu.com/explore/62594bb4000000002103b5ec
https://www.xiaohongshu.com/explore/630b0e2f000000001b00538c
https://www.xiaohongshu.com/explore/621213550000000001029a06
https://www.xiaohongshu.com/explore/624584eb000000000102546e
https://www.xiaohongshu.com/explore/61fbaa2d00000000210386fb
https://www.xiaohongshu.com/explore/633bc8d7000000001d016797
https://www.xiaohongshu.com/explore/62dfc654000000001b02638f
https://www.xiaohongshu.com/explore/62d681d00000000012011314
https://www.xiaohongshu.com/explore/632999090000000009032594
https://www.xiaohongshu.com/explore/62c7f328000000000102b8ca
https://www.xiaohongshu.com/explore/624ebed00000000001026794
https://www.xiaohongshu.com/explore/61f11b0e000000002103de33
https://www.xiaohongshu.com/explore/63469a8a0000000008010d6b
https://www.xiaohongshu.com/explore/63414c74000000001d015723
https://www.xiaohongshu.com/explore/630747c0000000001d037f93
https://www.xiaohongshu.com/explore/633178d00000000018001279
https://www.xiaohongshu.com/explore/62e25ee4000000001b01c6fc
https://www.xiaohongshu.com/explore/62d13df60000000012013792
https://www.xiaohongshu.com/explore/62c7f3a600000000210351c4
https://www.xiaohongshu.com/explore/62c58cb10000000001026f30
https://www.xiaohongshu.com/explore/6277a88c0000000021035c60
https://www.xiaohongshu.com/explore/62c58ce30000000021039f10
https://www.xiaohongshu.com/explore/6263db1d00000000210367c0
https://www.xiaohongshu.com/explore/63341cc00000000017027e02
https://www.xiaohongshu.com/explore/61f66284000000000102c7e7
https://www.xiaohongshu.com/explore/6343f65f000000001d013ade
https://www.xiaohongshu.com/explore/62dfc5a5000000001b01bdd4
https://www.xiaohongshu.com/explore/62272b5f000000000102e3d2
https://www.xiaohongshu.com/explore/620f6d470000000021039057
https://www.xiaohongshu.com/explore/630c95d80000000008023ce5
https://www.xiaohongshu.com/explore/6241938b000000002103e19b
https://www.xiaohongshu.com/explore/620b83fc0000000001029f77
https://www.xiaohongshu.com/explore/621c9d580000000021037456
https://www.xiaohongshu.com/explore/622c6f8f0000000001024ab4
https://www.xiaohongshu.com/explore/62dfc4bb000000001c0236c8
https://www.xiaohongshu.com/explore/62f78b4800000000080108b5
https://www.xiaohongshu.com/explore/62594b40000000000102e047
https://www.xiaohongshu.com/explore/624c1fb20000000001024d9f
https://www.xiaohongshu.com/explore/62555627000000000102971a
https://www.xiaohongshu.com/explore/62fb701d0000000016033b6a
https://www.xiaohongshu.com/explore/62728692000000000102d6e5
https://www.xiaohongshu.com/explore/62f4d5fb0000000009009ba0
https://www.xiaohongshu.com/explore/627a44a5000000002103d032
https://www.xiaohongshu.com/explore/62627f48000000002103b50e
https://www.xiaohongshu.com/explore/623306a1000000000102f5a9
https://www.xiaohongshu.com/explore/63299984000000000801faba
https://www.xiaohongshu.com/explore/62e7a59f0000000011012342
https://www.xiaohongshu.com/explore/61c1a4fa000000002103d21d
https://www.xiaohongshu.com/explore/634bdde9000000000602a41e
https://www.xiaohongshu.com/explore/625be9290000000001024cfb
https://www.xiaohongshu.com/explore/630b0dbb000000001b0226a0
https://www.xiaohongshu.com/explore/626d18940000000001027482
https://www.xiaohongshu.com/explore/62c58d2b0000000006039ce6
https://www.xiaohongshu.com/explore/624c1ee8000000002103e9fd
https://www.xiaohongshu.com/explore/624ebe88000000002103eead
https://www.xiaohongshu.com/explore/62d68225000000001200576d
https://www.xiaohongshu.com/explore/6305f51b000000001800d3b8
https://www.xiaohongshu.com/explore/6322f23f00000000080299ae
https://www.xiaohongshu.com/explore/6253ae5d000000002103610c
https://www.xiaohongshu.com/explore/62ff7347000000001b027f22
