https://www.xiaohongshu.com/explore/649f463a00000000130010fb
https://www.xiaohongshu.com/explore/602d5d13000000000102758c
https://www.xiaohongshu.com/explore/64e5e584000000000b029666
https://www.xiaohongshu.com/explore/64bc64d8000000000a01ade8
https://www.xiaohongshu.com/explore/62e0e1f0000000001e0163f4
https://www.xiaohongshu.com/explore/60981f25000000002103a427
https://www.xiaohongshu.com/explore/648e0bf700000000130095ad
https://www.xiaohongshu.com/explore/623704c10000000001027c83
https://www.xiaohongshu.com/explore/62c094300000000021036d87
https://www.xiaohongshu.com/explore/6165e97a0000000001024631
https://www.xiaohongshu.com/explore/648c784a000000002700370e
https://www.xiaohongshu.com/explore/61f0001b0000000021035b00
https://www.xiaohongshu.com/explore/64d7134f000000001700c75a
https://www.xiaohongshu.com/explore/603c1a2a0000000001024eda
https://www.xiaohongshu.com/explore/61124a1200000000010260c6
https://www.xiaohongshu.com/explore/65246ebe000000001e00e847
https://www.xiaohongshu.com/explore/6114031e000000000102d3fb
https://www.xiaohongshu.com/explore/630b31b3000000001702cac3
https://www.xiaohongshu.com/explore/65680d2c000000003802c2bf
https://www.xiaohongshu.com/explore/6469c52d000000001300e484
https://www.xiaohongshu.com/explore/62274c310000000001028c4f
https://www.xiaohongshu.com/explore/603c1f82000000002103e3f1
https://www.xiaohongshu.com/explore/64d71245000000001700f9e4
https://www.xiaohongshu.com/explore/64f746b100000000200036f7
https://www.xiaohongshu.com/explore/62f34d9900000000120101d2
https://www.xiaohongshu.com/explore/62ff363a000000001b0053fd
https://www.xiaohongshu.com/explore/6346af4a0000000007037d4e
https://www.xiaohongshu.com/explore/65081586000000001e0336af
https://www.xiaohongshu.com/explore/64ea597d000000001201c680
https://www.xiaohongshu.com/explore/62c006e60000000001026fbf
https://www.xiaohongshu.com/explore/62024bc00000000021037e3f
https://www.xiaohongshu.com/explore/61eaf759000000002103eb15
https://www.xiaohongshu.com/explore/61d431a9000000000102a0e2
https://www.xiaohongshu.com/explore/6181293c000000002103ca5b
https://www.xiaohongshu.com/explore/626ed0b50000000001024847
https://www.xiaohongshu.com/explore/62f71f6300000000150097f0
https://www.xiaohongshu.com/explore/61938cc90000000021034c91
https://www.xiaohongshu.com/explore/6551114f0000000032024cfd
https://www.xiaohongshu.com/explore/603c1aeb0000000001028177
https://www.xiaohongshu.com/explore/6236dddf000000000102df45
https://www.xiaohongshu.com/explore/62f2f6ec0000000009010876
https://www.xiaohongshu.com/explore/650dd8a5000000001f03a2f0
https://www.xiaohongshu.com/explore/61b9f4ab000000002103d582
https://www.xiaohongshu.com/explore/606129e2000000002103d130
https://www.xiaohongshu.com/explore/6023cedd000000002103ecaf
https://www.xiaohongshu.com/explore/64325f03000000001300c01c
https://www.xiaohongshu.com/explore/6022b698000000000102d2f9
https://www.xiaohongshu.com/explore/6101262d000000002103a214
https://www.xiaohongshu.com/explore/6317009a00000000110397fb
https://www.xiaohongshu.com/explore/61efffd6000000002103d267
https://www.xiaohongshu.com/explore/636ff2df0000000022035a8b
https://www.xiaohongshu.com/explore/653a7430000000001f0395ca
https://www.xiaohongshu.com/explore/610fa6af000000002103ca43
https://www.xiaohongshu.com/explore/620f9c21000000000102d212
https://www.xiaohongshu.com/explore/603c1c74000000002103e267
https://www.xiaohongshu.com/explore/62e977510000000024029eba
https://www.xiaohongshu.com/explore/645f263800000000130007b3
https://www.xiaohongshu.com/explore/60dde9df00000000010294ec
https://www.xiaohongshu.com/explore/60488698000000000102fba8
https://www.xiaohongshu.com/explore/631603600000000013039e50
https://www.xiaohongshu.com/explore/655d61be000000001100f753
https://www.xiaohongshu.com/explore/6506cafc0000000020000d9c
https://www.xiaohongshu.com/explore/64d713b3000000000c035b06
https://www.xiaohongshu.com/explore/6119df5b0000000021039dfc
https://www.xiaohongshu.com/explore/610fa692000000002103c9a1
https://www.xiaohongshu.com/explore/61869f560000000021039931
https://www.xiaohongshu.com/explore/6027f177000000000102aa4b
https://www.xiaohongshu.com/explore/612c875c000000002103e8ce
https://www.xiaohongshu.com/explore/60c46f180000000021035e31
https://www.xiaohongshu.com/explore/617e0d9b000000000102400a
https://www.xiaohongshu.com/explore/603c1a65000000000102f734
https://www.xiaohongshu.com/explore/61a27fe4000000000102eb79
https://www.xiaohongshu.com/explore/61d4e39e000000002103dd21
https://www.xiaohongshu.com/explore/60981eee000000000102e271
https://www.xiaohongshu.com/explore/603c1f0d00000000010283fb
https://www.xiaohongshu.com/explore/617272c20000000021037a90
https://www.xiaohongshu.com/explore/62cf8dd1000000000102e81e
https://www.xiaohongshu.com/explore/64325cef0000000013013e41
https://www.xiaohongshu.com/explore/6057330b0000000021037dc6
https://www.xiaohongshu.com/explore/65497c40000000001d014f71
https://www.xiaohongshu.com/explore/6559aa0c000000001100f338
https://www.xiaohongshu.com/explore/650dda5b000000001e03e567
https://www.xiaohongshu.com/explore/6506ce50000000001e030b01
https://www.xiaohongshu.com/explore/603c1ab60000000001028167
https://www.xiaohongshu.com/explore/653d6225000000001f03ee98
https://www.xiaohongshu.com/explore/61c6b56e000000000102d049
https://www.xiaohongshu.com/explore/6476f15c000000001300f0a2
https://www.xiaohongshu.com/explore/6473315a0000000013032437
https://www.xiaohongshu.com/explore/61a3eb2700000000010245d1
https://www.xiaohongshu.com/explore/602d5c94000000000102f18b
https://www.xiaohongshu.com/explore/6310ad8b0000000012008a95
https://www.xiaohongshu.com/explore/6301f0c1000000001b026d2c
https://www.xiaohongshu.com/explore/620f9c75000000000102d4fa
https://www.xiaohongshu.com/explore/62ae2e7a000000000f009bb0
https://www.xiaohongshu.com/explore/61668ad80000000021038d94
https://www.xiaohongshu.com/explore/615b08390000000001026caa
